omA = {
[0.2138 -0.9519 0.2195
    0.9519 0.2535 0.1722
    -0.2195 0.1722 0.9603]

[0.0216 -0.9924 0.1208
    0.9924 0.0359 0.1174
    -0.1208 0.1174 0.9857]

[0.0224 -0.9921 0.1238
    0.9921 0.0374 0.1201
    -0.1238 0.1201 0.9850]

[0.3663 -0.9206 -0.1353
    0.9206 0.3797 -0.0912
    0.1353 -0.0912 0.9866]

[-0.0681 -0.9615 0.2662
    0.9615 0.0080 0.2747
    -0.2662 0.2747 0.9240]
    };
omB = {
[0.3203 0.2033 -0.9252
    0.2354 -0.9632 -0.1301
    -0.9176 -0.1761 -0.3564]

[0.4781 -0.4825 -0.7339
    -0.1929 -0.8728 0.4483
    -0.8569 -0.0728 -0.5104]

[0.1687 -0.0362 -0.9850
    0.1620 -0.9847 0.0640
    -0.9723 -0.1703 -0.1603]

[0.8509 0.3611 -0.3816
    0.4967 -0.7895 0.3605
    -0.1711 -0.4963 -0.8511]

[0.6122 -0.5041 -0.6092
    -0.1930 -0.8424 0.5031
    -0.7668 -0.1904 -0.6130]
    };
